1, 0;
2, 0;
3, 0;
4, 0;
5, 0;
6, 0;
7, 0;
8, 0;
9, 0;
10, 0;
11, 0;
12, 0;
13, 0;
14, 0;
15, 1;
16, 1;
17, 1;
18, 1;
19, 1;
20, 1;
21, 1;
22, 1;
23, 1;
24, 1;
25, 1;
26, 1;
27, 1;
28, 1;
29, 1;
30, 1;
31, 1;
32, 1;
33, 1;
34, 1;
35, 1;
36, 1;
37, 1;
38, 2;
39, 3;
40, 4;
41, 5;
42, 6;
43, 7;
44, 8;
45, 9;
46, 10;
47, 11;
48, 12;
49, 13;
50, 14;
51, 15;
52, 16;
53, 17;
54, 20;
55, 25;
56, 30;
57, 35;
58, 40;
59, 45;
60, 50;
61, 55;
62, 60;
63, 65;
64, 70;
65, 0;
66, 1;
67, 2;
68, 5;
69, 10;
70, 15;
71, 20;
72, 25;
73, 30;
74, 35;
75, 40;
76, 45;
77, 50;
78, 55;
79, 60;
80, 65;
81, 70;
82, 75;
83, 80;
84, 85;
85, 90;
86, 95;
87, 100;
88, 0;
89, 0;
90, 0;
91, 92;
92, 94;
93, 96;
94, 98;
95, 100;
96, 0;
